5145
5960
1999
6893
2316
9515
9004
7155
1862
5625
5360
5439
4266
9523
8062
2408
3454
8605
5410
0320
5407
5038
1474
7804
3321
2721
4142
6507
1050
4950
2809
5555
0203
9110
4670
6765
7235
4896
3942
2232
3270
6563
4476
9610
6020
4467
1973
3621
0051
2595
2951
4297
3078
1678
5082
4852
5410
9507
8974
1986
8267
7736
2402
9672
2525
0401
6112
1440
4767
5196
9235
5163
3515
8429
8797
8299
2143
8278
0511
3110
5210
3732
6264
4114
3467
7956
2718
2012
6450
2373
5623
2505
5715
0149
1225
5227
5226
0929
6035
2256
3367
6469
4614
4462
7093
0021
8213
1111
0968
0454
2477
6126
0133
3223
7416
5708
4343
1821
2397
2343
9925
3117
3185
6426
5483
2227
8442
7378
2916
2354
2114
0229
6740
1103
8986
4880
7543
9465
4768
5278
1552
3991
6191
8626
4632
0437
1860
3935
2848
3428
2951
2877
2875
1609
3453
8630
2395
6678
0112
1896
2743
3637
9499
2632
6583
0094
2333
3766
1364
2214
2039
1833
0178
8559
0631
7663
5662
9453
2588
7005
4821
2555
5770
8936
9060
2441
6969
3925
3515
8699
4212
0629
5502
0744
2712
4721
1702
3187
0347
1140
6953
0620
9480
7400
2253
8683
6663
6615
7186
0929
6916
8311
6370
3500
5471
6923
8702
2162
4241
0946
0578
1344
3879
5528
4806
7829
0342
5547
1344
5737
0347
8469
5799
9739
8520
5213
9098
5228
9033
0900
8472
4562
5539
0633
3637
2151
9955
4876
1425
0993
2519
4318
6397
3076
1446
7608
0411
3419
2417
5221
0709
9092
8355
6552
4940
0381
9972
3976
5822
5299
1761
3729
5488
6070
0289
6794
1794
5123
5649
0246
8824
1812
7131
8887
7003
3385
4912
0597
0498
4556
8468
0979
5878
4284
4173
7756
5755
2265
2935
7880
8485
1283
9798
1813
8902
9644
9619
9185
1365
0027
9924
9467
1563
2707
9213
8430
4483
3407
2868
0423
9900
7523
2008
8496
8216
7578
1945
9713
0006
5669
9711
4527
2364
3363
2360
5214
7904
0505
4219
9721
4639
1396
2079
2011
5199
5755
0484
2912
7883
1126
5694
1876
3493
7501
6171
5735
1453
1514
4934
9941
5957
4342
5552
6443
2907
5841
0615
4558
4285
4445
2689
1415
2774
0182
1083
3213
2419
2105
1715
3510
0360
1956
9093
5112
8140
3004
1063
7053
2236
8723
3079
9270
2264
9432
9561
9828
5446
9500
2792
4038
8201
7848
9024
3248
8446
2475
2784
2795
9459
2603
1250
3964
6689
9548
6869
7017
4185
7650
2581
1259
4961
1895
1125
6785
0026
9334
1968
7707
4894
5666
4339
1999
8123
5051
0852
5953
6809
3535
7416
2073
5412
7419
9287
1108
0410
7014
4578
3908
3455
7609
4214
1959
6532
6310
8569
7710
3072
0731
4136
0996
4026
1213
2751
7500
4032
3134
0098
7600
2212
5832
9773
3572
3290
7177
3258
2284
7284
4452
4907
0690
5483
7121
6556
1083
9899
2819
9545
9139
5636
6214
0523
1292
1393
7229
6603
4706
7964
4549
2439
1108
7343
2750
1524
5529
0737
7239
0594
3637
6676
1571
9834
7931
5252
4872
6638
5370
0527
5543
7261
6930
5383
9217
8967
2796
5311
2156
4496
0806
1146
4335
4132
0521
4586
2102
8842
2382
4281
5273
0352
5577
9011
6398
8489
2777
2705
1767
2726
1327
8616
5376
3733
8855
9262
3665
2554
3512
1464
1546
4466
6886
2455
8901
4183
0671
5180
3240
1276
1727
0917
7437
3231
9623
8578
6646
5411
7396
0010
9086
5901
0863
9973
0916
9902
4185
0206
6656
9451
0018
8283
8554
6855
1309
9566
0452
8094
9195
3196
1400
8524
1266
0810
1342
1559
4171
0701
4250
1621
9473
7024
5300
2483
5290
7468
9324
0748
8075
8706
8401
5081
4638
2181
2247
6678
3742
1583
5760
8940
2286
6340
7893
8181
8090
1559
4719
4756
1786
7987
3804
9488
4301
3141
3684
7052
6141
2327
1081
5252
9021
8656
2653
4172
4099
4863
3794
0215
3999
3947
0916
5706
1024
2730
3036
5711
2708
8166
9312
2923
9488
3845
7590
3888
6358
1311
1507
9785
0204
2480
0697
1019
1977
7757
9708
8505
0827
3322
5391
3445
0816
5430
5258
8570
3110
4424
1280
1210
0209
8119
7791
9165
2809
1839
6195
6062
9621
7365
2366
1434
3267
6973
3122
7310
4158
8293
9145
3879
3434
7714
5077
0215
6746
4191
6201
0607
4568
6887
2618
1181
8361
8798
0138
3349
9301
1474
4125
9358
9973
7999
8396
9138
9233
7008
5909
1207
5836
4053
0900
0072
2591
4134
5353
6023
8310
9130
4795
8282
1783
1967
0179
6560
3076
1690
1642
7060
0228
0040
5590
6129
0454
2986
3914
0061
9335
6825
3081
7298
3118
3096
3178
9087
8780
5256
6114
4540
1504
5347
4628
5924
0513
9054
2542
1414
0307
9715
1665
3644
6891
4774
9870
2471
0783
6992
3439
8619
2708
2966
7583
2347
8617
2758
4855
4445
2169
1785
0170
3106
4607
6356
0349
4230
4812
5070
1024
2073
3162
8096
0270
7662
4661
6375
1330
7152
5632
8773
3475
2413
5808
6312
0318
3037
2321
5266
5402
7341
8128
2483
0855
9554
3771
6364
6973
4271
0064
8671
7989
0345
9870
9785
8850
0629
4682
3268
1582
8445
2354
7449
2193
1458
0442
8021
2012
3030
3026
5915
2008
7687
3855
5273
0107
5259
4033
9194
0706
9100
7756
7284
8471
4239
9233
3951
8440
3260
4562
1580
4685
8947
2337
9834
2597
7678
4445
9060
5670
3821
1005
0503
8690
6080
9514
2794
6562
8052
6832
0041
8402
1905
3653
9452
0219
8812
6740
6105
7958
6179
7678
3031
9647
5209
2342
3248
7438
3751
4428
0055
8528
9278
2620
9481
5729
2868
0488
2759
8776
1148
2876
8157
4044
4554
1356
9876
3954
1378
9879
3003
7293
6016
3232
3066
8676
0687
2100
1622
8324
4956
8469
1765
5624
1693
1076
0350
9185
8126
9062
1989
7559
6302
3124
1209
9876
8855
7909
2707
9820
3890
0879
2702
2340
8722
4628
5926
2400
5476
3347
1738
0608
2071
2026
1138
1143
7392
3813
3577
3270
1407
0531
8611
7116
6765
3199
3407
9947
1056
3956
6431
8520
7533
0070
3343
1600
8498
4836
1445
7669
3365
2431
7685
6814
1761
2130
7131
1684
9581
1210
6748
1315
9733
5487
9801
7658
3216
2858
8641
2256
0481
4433
9960
9196
4745
9354
8583
5187
4980
3462
3623
2563
8808
1072
9730
7108
6976
1815
1610
5618
2426
2508
5162
1318
7242
8470
2388
1014
0884
8844
2224
6858
6236
0559
7033
5445
6108
9776
3265
5941
4797
1357
9033
1301
2191
5508
1466
8964
4431
1393
0190
2614
0409
1024
7716
1090
3437
5986
1470
7973
0305
2764
8702
2846
4447
6152
6486
6638
9889
4812
0484
1194
8510
4251
1437
2238
6689
0823
5652
5722
3128
4946
6719
4151
3624
1621
4564
1087
4619
4077
6807
6594
4135
7103
4685
1663
4067
1919
8058
2052
8700
7568
5155
6353
1245
7475
5650
9432
6816
4583
4414
2969
8280
5892
9999
1242
6011
4197
6511
6589
2579
0225
1730
3237
9574
8771
9362
3189
2818
9120
7548
1090
8657
6589
1577
9453
1717
0108
2002
9414
6035
7578
9911
4684
0798
9990
0609
2614
3906
9144
1510
4843
2043
5445
0986
1876
1833
7004
4346
0468
3160
5872
0083
8199
6513
6457
8633
3830
8295
3578
1010
1061
1536
5458
9118
4581
9635
6160
2121
1532
9962
1121
7295
8388
9241
0424
6902
2014
1362
2549
8920
5489
2554
7044
1956
7481
4810
1932
5252
1398
8967
6107
7464
9324
1118
5755
9992
0485
1037
6673
2050
4968
9794
0632
2891
1192
8476
8965
0045
3767
1715
2590
1581
9501
1666
7657
0592
2867
1462
4648
7715
5463
9553
1690
8615
2527
5007
2396
3154
5901
3694
3335
4517
1453
4315
0181
4912
6679
7281
9898
0514
8562
0140
9192
1251
0905
5090
2424
0816
5092
4146
8873
3786
9119
6861
3338
3838
8256
2468
0912
6000
6766
8413
5635
0024
1386
8546
7021
9708
9259
3635
3198
1256
1739
2399
4892
0726
5914
0604
1794
7777
2890
3044
7309
1976
4874
7912
1919
2480
5638
6852
6626
5402
2318
6511
0053
2115
8226
5254
8494
4231
1644
7341
6890
1488
5243
2405
4192
1719
1591
3594
7576
4727
9680
3515
4927
7070
6711
7494
3333
6647
2723
8797
8265
1227
0126
5327
1021
8630
7732
9376
3368
1997
1103
1637
7233
1287
7861
2552
5011
7998
9636
7290
8980
8688
5861
9588
8281
6815
6693
4725
1423
3299
0794
0123
9885
2580
0444
4808
7620
1300
2651
2960
0723
2353
9252
3210
0499
7155
4555
8648
2492
2132
4919
1734
8658
0862
8338
6664
1233
8574
5771
6526
8718
9264
6922
8264
2236
6775
6874
0314
3995
0123
6724
3737
4883
9423
2073
0326
3063
3469
5914
4984
5033
2006
9597
0202
3426
0647
0503
2354
3184
8255
0252
5784
7018
0419
1290
0088
4483
8690
1122
2546
1048
7368
6989
7452
0704
5128
7949
0888
2261
3601
6995
2929
3707
1210
9386
2293
7500
2279
4093
7271
4136
0548
1091
0126
2744
6951
4282
2547
7928
7326
0677
4266
2085
0102
9545
5059
0910
8408
1815
2262
7794
5842
0879
7876
3477
7487
2141
7262
1157
6697
0128
7069
2235
6835
2365
3816
1184
7298
4959
9659
5951
3795
2048
1243
9603
2190
1420
5105
9685
3638
5824
9127
3880
7582
4356
4230
0789
7929
9092
4208
1210
5102
6186
4241
3055
4563
9178
3111
4335
7073
4537
2120
3093
3922
0618
3021
4440
9805
6686
8430
1768
6399
7246
6499
3285
2374
3993
7661
8000
0528
9717
9372
5741
9544
4806
9225
2983
2129
6653
1841
1966
6773
6298
6823
2713
0311
1344
3464
1735
3564
2192
1592
0807
9874
2141
4770
8979
9152
9035
5355
4599
9241
1639
5183
0342
6339
0964
4386
8132
5702
1285
6517
6399
9934
2823
5291
6150
4794
7232
0297
0755
0480
0566
1569
1123
8835
0261
0550
5117
0804
9572
5218
3066
7786
1860
1896
1540
0604
5525
5462
8345
7822
1517
1447
3200
3233
4912
1777
1689
6921
2429
0005
2038
6954
7734
6178
9778
0200
3979
9394
4382
4500
9374
3297
9851
9563
2342
8788
9908
3722
6843
1356
4361
2174
6489
4021
3037
8400
0540
6685
4116
2027
6898
0125
4554
9553
6968
7890
6568
9004
5975
3382
1003
0039
1058
2937
7845
1982
0582
9953
1012
3587
8256
1290
8192
5516
2806
0259
1979
3470
3789
1914
3939
8484
6538
7328
3426
4440
3602
6368
4783
6053
2218
3537
2001
4011
1805
0781
9858
9041
9921
7690
2500
8304
1109
6719
1715
3654
8211
4562
3279
8659
4668
5915
8341
7250
6686
9943
1222
6592
0709
3271
6614
4746
5178
2227
5622
3822
9999
0168
8550
0871
3027
6697
4947
8828
8427
7141
8835
5523
5153
2585
3643
2121
4959
2749
1997
9742
5048
3072
8919
3956
6126
3922
9400
5846
0823
3349
0109
2017
6599
7530
2744
8244
2459
7131
1001
4907
5190
2827
0065
2711
3910
0710
5667
1106
1655
2518
1626
5352
3631
6636
4531
9396
6609
1076
1454
0515
7888
4207
2645
7780
2654
5251
0096
8071
1554
7723
0391
3408
2971
1558
5842
4258
4434
4452
0114
2268
7253
1191
3359
7048
3046
3647
2242
4872
9918
2200
4475
1261
7550
0433
8467
2187
2647
8364
7129
5296
7566
7163
7895
9260
7934
5669
7115
4102
5874
2275
4927
8303
8894
9424
8940
6479
3214
4326
3249
5025
2845
3735
2067
7081
9474
6755
1875
4893
1958
2720
1478
8584
1865
1155
6195
1941
6436
1926
0181
7057
8773
6550
1203
7074
9874
9684
7831
1983
8582
5567
1556
3855
6568
8837
2167
8492
6330
9852
6396
4401
7547
5684
8402
6249
6447
8198
5827
0334
9249
6493
9676
6924
4291
0841
2195
2535
6872
0677
5780
0708
4855
2975
5793
4272
6293
4952
8254
9406
2972
1988
8889
6762
3125
6613
1155
5335
6591
5775
9672
6469
0500
9444
0356
1436
0099
9165
0817
2243
5030
7476
7191
8786
8852
4302
6587
4883
3999
7907
9434
6521
8556
3309
5840
6200
1642
3535
4205
5016
3509
1739
4567
6366
7157
9167
4007
9659
7490
1342
4152
6582
8730
0244
5791
0127
5283
6579
9221
1452
2201
0945
5557
3262
9486
2671
2280
0393
9487
5718
4288
6449
6198
7419
0296
0068
7674
6767
0425
8449
1903
4371
1378
5041
7376
1729
7130
1618
6106
5646
6892
4321
2035
7808
8114
6549
1969
8205
4431
1971
2333
4639
3614
2106
9232
6916
5742
2108
0755
1167
7411
3737
0617
8325
1466
3289
7528
5627
9020
1996
2455
8298
2086
2813
0310
4201
8372
7713
9729
3177
4073
0523
3945
2498
5487
0410
4760
9686
5271
0355
9404
7319
0433
2123
5424
6600
1879
3990
9615
2675
3052
1344
1612
7723
6110
3210
3771
4455
2345
7710
8024
8193
0196
3663
2728
3427
4376
5199
9022
5362
0291
8784
6647
1017
1769
4172
9336
4467
1035
5768
7373
6743
8833
5861
7702
9810
4464
6111
4454
3008
9344
0311
8917
1169
2151
2254
7664
6105
0466
1171
1924
5770
8787
8239
6814
3128
8722
2929
8427
7987
1064
9187
8280
1013
5678
4331
7536
2022
0636
7515
8882
7825
3460
6060
9289
9412
7846
0627
7201
1312
2356
3173
6378
5435
9495
1837
1657
4520
0619
3135
2738
0405
6542
3460
6136
5175
8265
3151
8988
2519
6691
8864
2607
1626
2913
3412
7095
2441
2301
5804
8546
8509
4025
2615
5785
0429
1007
5176
0763
3123
2249
5930
5451
2752
7878
0322
3804
5356
5651
9512
5311
8827
6091
0865
4663
2828
3663
0274
1486
2955
0360
1187
9989
7010
2329
9004
2034
2055
7408
8830
0191
1392
3082
1968
4025
8191
0196
4078
3880
3131
7576
5995
9033
1862
2927
4536
0904
3567
9741
2525
2517
4956
6334
8855
4003
2356
6626
9659
4102
7236
4467
1184
3636
5623
5782
1038
0004
0316
7099
5988
7436
5601
0611
7822
0338
6085
3031
3389
8698
5687
7602
7110
2472
2873
4839
3485
5215
1140
5042
4125
6509
6768
5438
4474
0610
0825
1996
7333
4348
9908
3236
1097
0033
7032
3838
3044
9077
4711
1194
3304
0650
5837
7068
1118
0838
3295
2333
2448
8242
9149
5533
7078
3461
3669
4834
6230
1333
7556
8932
4682
7379
6462
0597
3237
7535
3107
8778
7803
1983
8347
3360
4449
1779
2918
6493
7746
7301
0987
0748
0530
8968
8910
9387
2619
4348
0711
6448
3310
2402
3020
2568
0452
2788
4378
8789
8674
2834
6796
9283
9115
8714
6873
0401
6184
1438
5628
6386
9275
5014
0795
6150
2137
4791
7296
4047
4908
6430
7405
7890
5420
5961
6030
1589
1851
4471
0912
9819
5455
1383
9494
8588
6901
1531
1990
1951
4757
8434
7794
2645
7642
7683
4319
8060
6788
2181
3314
5420
1872
8650
0658
0062
7185
0219
4910
0353
4209
1672
5280
9221
5111
5909
0545
2524
5199
6392
1124
3977
2396
2739
3193
1598
3867
2496
1868
7939
8188
4291
5588
2985
4381
5913
4431
7107
4620
1605
6618
8520
4447
4801
2496
2107
5607
0456
6606
6505
1836
1882
2905
9653
4876
0402
4548
1076
1971
4344
1587
8329
0125
2394
8608
6100
2539
4323
1648
7988
2415
8999
0341
2106
3136
2386
4861
8189
5409
1481
4786
5436
2620
2474
6639
1879
3759
1998
4321
8021
5765
4364
4125
1240
0596
0616
6020
1374
9006
0190
5444
5825
5226
6785
6386
8197
8289
4639
1429
8711
6431
7987
2339
6008
7767
0826
7876
4398
2457
4357
4661
0172
6569
2931
9600
5378
8698
8679
4568
9108
1142
5930
8900
0346
2205
3061
2877
9696
3258
3966
5579
8043
1226
5660
1126
4502
2883
7728
6756
1718
8680
3241
5643
1786
7819
6729
6836
1234
4690
0587
5548
8188
5154
1724
5589
3987
2521
6180
4460
1960
0351
2449
8003
3261
8301
7003
2529
4285
0224
6272
2034
4123
5026
8387
3015
1558
6958
2256
9451
3700
3267
6669
6226
8124
6459
6985
1088
3222
2123
4132
3265
9232
4932
0257
3353
1203
1809
2914
7732
7987
8706
1161
8577
5382
1614
7376
5627
9062
4242
5524
6468
5632
1434
2119
6083
8575
7071
2441
3050
5677
1043
5602
7825
3323
8408
4407
2386
2454
0361
3578
8618
1572
9630
8661
5654
1083
6406
0841
1545
6481
0577
9580
8744
0705
9843
9957
7993
9103
5040
7638
5594
1960
1692
0971
1727
4958
5645
4128
5710
4867
9077
2908
0523
5000
7123
3786
1037
4941
3092
1852
4164
1374
2020
6453
4912
7920
3710
0526
3182
9511
2588
9610
1163
3300
7754
9795
2131
7942
3552
1168
0775
1120
8157
8685
2169
2870
4629
0973
8923
1800
5172
9197
8505
6871
3612
2008
1234
8331
1916
2401
5634
0284
0160
6179
5168
0395
2116
5730
3691
5168
0366
3899
2111
5859
6768
0131
4351
9102
3357
7028
6018
0225
1838
3220
2165
6172
0297
1292
5814
8279
1556
0696
2943
6888
2919
0407
7665
2429
4042
5943
0190
3666
0318
2377
4835
1993
2106
6654
7497
4475
9440
0433
9472
8972
3900
8238
0725
5786
8222
5240
1682
9530
1521
6699
2420
0465
3524
2231
4612
1930
2011
7644
1049
4402
0057
9718
6120
4449
8183
4338
4041
3814
1165
2236
9909
9376
1014
0601
0876
3205
8619
6799
0624
2506
8952
5202
1689
3233
1793
8306
7707
2290
2107
0501
7791
3565
2720
0026
2500
7281
2510
3539
2656
3480
3099
2007
2271
6313
0931
8849
3945
1472
2435
3910
9570
7391
8013
4507
3141
5601
6776
0516
1948
1298
2251
5178
4356
8521
3721
0962
8246
8475
4149
4929
9787
9361
4556
5019
0204
4460
5603
4321
3142
1338
6599
4232
4056
3339
0048
9455
6995
7689
7934
0833
6411
0364
5626
2016
2533
1954
2028
8838
2104
9072
2545
9540
2342
6801
6406
1158
1881
0616
0916
1133
2827
3066
6473
9951
8763
4274
4292
7947
1670
3417
2892
6874
9987
6501
3458
6984
5950
4818
0744
1874
4851
1643
1924
2742
4955
7418
4692
6492
2616
6284
2943
7245
4062
4576
5860
5720
2312
2002
3305
2352
7514
8258
3164
5643
1120
5389
3015
7173
5071
1361
7640
1726
8585
7939
2012
2523
7174
2678
7390
8715
5383
9756
0217
5622
6876
4243
1558
0985
5675
4635
9609
1169
5598
9260
7386
7571
2023
8146
3169
2882
5036
8590
7259
8023
7606
2078
9982
2181
9698
3810
6350
0411
1590
6907
3603
6105
7497
5029
0351
5148
7784
8080
1631
9201
4428
9735
6713
2710
6252
3113
5194
2570
4009
8222
6368
7023
2862
3546
4939
2416
1717
7890
2257
4063
2144
9395
5140
4464
9045
3175
4549
2514
0997
0976
9568
2120
9117
0727
1271
0272
8703
1600
0397
1108
7939
8652
2403
9173
8158
4611
4807
4472
1971
4559
1735
3787
3514
9598
7982
3339
7116
8013
9784
4071
8992
3302
8686
6780
4200
4443
5769
0831
8049
9574
9446
7877
5914
5488
0622
9129
1729
4835
1703
4132
4585
0888
1101
1191
2308
7228
8175
6342
8011
2299
1166
9442
7684
1505
0495
1941
7991
7916
3838
2288
1392
9027
4246
7723
8975
6833
7207
1982
2263
1486
8684
0039
3004
9906
1908
0764
1045
3153
5138
2631
7777
6091
1122
1049
7917
1819
7285
2776
7963
2253
1424
8788
7581
0324
4691
5678
1418
4696
8551
5676
2168
3766
5357
7359
6963
5582
1822
1647
0850
4423
8800
5663
2182
6774
3638
6283
7643
7545
2625
4211
4560
9694
4257
2031
4888
4158
0569
1610
0285
1402
7102
7917
2112
8091
4264
7811
9444
4825
1390
1005
1087
8610
7865
5453
1327
1558
9631
5208
9089
2076
6647
6626
4622
5302
7172
5924
0917
5141
1050
1431
3234
3561
4614
3321
3647
9911
0638
2140
3430
6585
1982
2840
3420
9291
3313
5399
8519
2483
8385
5350
5621
9339
7216
4026
7437
8665
7283
2300
2003
9870
6535
9514
4407
7652
7239
5870
1882
4467
6769
4130
7102
1306
5888
9128
7268
3580
2753
4556
3440
6295
9848
0839
1351
1963
8099
1892
5130
8043
4281
6675
0158
7655
8447
7308
7336
5553
0998
7959
9514
2088
9594
6601
1921
0206
4005
5480
1001
4948
2157
9874
3139
0710
8050
0694
6403
5345
7681
3665
5625
4749
5868
2755
9112
1018
0929
4469
7446
5417
1952
6565
4894
3266
1938
1067
3760
3346
8044
4700
0599
7011
1998
3017
4425
1733
2955
8365
4596
3667
0752
0904
3221
2865
2769
0431
4846
5611
2188
0153
7950
9999
4560
7085
1119
3504
6888
2491
3277
9172
0887
5785
5159
1575
0036
2864
9511
9438
7971
2228
1589
3756
8764
3255
5600
0484
3876
5430
0328
5363
9304
3697
4372
4055
1105
4190
5361
5555
0328
6961
8830
3830
3520
6995
3232
4176
6202
1152
0639
8030
5813
5121
7425
1856
1980
4153
5778
5546
9531
3378
2396
4263
4475
7858
2744
5168
2878
1914
6593
1980
1248
2398
7544
3364
4110
1995
4770
3408
6397
1864
8714
3413
3893
1282
1526
3530
5792
7691
3450
1067
6442
7335
3433
3022
7860
6161
3515
2208
0462
2728
1975
1264
3456
1232
0873
0299
8728
5314
7808
7355
6719
9201
3030
5157
4454
0751
5955
2952
2425
2895
6115
5699
4122
7210
2395
3017
4567
9671
2489
9082
7463
8741
2423
1272
4337
9080
5645
8762
5887
4798
6857
5260
4977
7968
8938
7089
8576
0910
0201
1346
7736
2478
0331
7532
3660
7548
6016
8253
3931
1041
4656
9851
4760
6242
1971
7591
8066
1645
4622
9518
1317
2380
9705
5229
1237
0245
6789
2839
5266
0031
4733
0012
4316
3580
6848
1950
7892
7738
1124
6444
1255
5058
3507
6360
4539
6381
6334
3689
1132
1622
1495
7570
2904
4713
8236
4067
8917
9595
0115
0820
2461
6589
4864
2980
5077
4517
4684
8032
5694
6124
9333
0051
2508
2793
4912
8233
9030
7812
4614
0844
4048
0412
1922
6788
8827
4529
3101
7723
9106
7237
3616
6988
8322
0403
7070
4654
6488
2689
8179
2621
0539
9799
4932
2239
5177
8587
7518
7479
3868
2671
4619
5180
9479
2398
1316
4746
1620
0626
1899
7789
9580
5587
8286
7258
5184
7961
8632
2800
7083
5500
3348
1591
8383
2005
7017
2968
8708
8202
1992
0510
8649
8030
1689
1878
6789
9144
1622
3026
2727
8286
5811
8013
0102
2702
2019
2078
3939
0077
7010
4770
2777
6373
1057
8744
1684
7232
9266
4247
8371
5430
4662
1662
6139
9951
2094
2361
8967
1702
3001
4446
6075
5219
1092
9216
9786
5193
1084
5386
5761
8964
0352
2551
4122
0172
1081
5067
9820
3111
8711
6879
4171
4717
7758
7540
8189
5669
1574
6366
8004
9620
3476
8423
2792
2396
1870
0708
1178
5326
9113
7066
2810
3261
9508
6988
6350
9100
3093
0942
0238
7869
2133
1212
8690
0380
7892
7145
4410
2911
5732
4980
1808
1628
1302
9792
7816
0012
1668
2884
7592
1227
5563
3425
2458
8584
0111
9994
9081
6998
1792
2465
1768
5739
5451
6109
0211
2904
0594
3318
5851
9997
8235
6474
9628
8542
4690
3653
6887
6127
0040
0829
7362
1192
5926
1899
5877
4783
1987
7559
6396
2165
0790
1494
2490
2433
2643
8179
2202
1930
5544
3676
5013
6866
9193
7395
4867
2133
9266
9732
2274
0036
4956
7069
1513
6105
1630
5044
5300
6256
2689
5516
9458
8111
6428
0333
2892
0710
7589
0309
4808
0879
4560
5520
5930
7132
1414
2153
9432
5544
0198
6761
2602
5485
5166
6372
9093
6564
2639
5943
6034
3721
5755
2136
2862
0422
9180
9976
3051
6465
3214
7288
2882
2002
4641
2592
2203
4421
2063
5059
0894
2013
1068
4365
5660
2331
0000
1503
1490
8086
6727
8114
1183
0740
2612
3779
6637
1634
2455
7547
8844
6958
0027
7657
9873
5990
1639
5069
1490
3878
0995
0078
3223
2980
3736
1935
1369
5079
5101
7060
8040
7267
8504
1646
7724
0404
3130
1581
1439
3207
2761
1014
5033
6533
1697
9592
0105
8356
5393
0724
9474
0920
0726
5425
4418
4342
3258
7152
2446
3502
5269
4277
1502
0410
6205
8019
8353
2804
3145
6198
3347
6467
7685
1125
3631
0724
5169
7694
7299
9911
8126
8888
1598
0013
0142
3186
8017
1400
5813
8393
1177
2380
9515
8657
0720
4532
4394
7340
1412
6779
4486
3403
4706
5527
0213
7304
3756
3989
8650
1045
5233
4863
1111
2425
2020
6642
1515
4417
6401
5328
6483
8086
9413
9315
9374
1908
9470
2975
1128
7751
1033
4651
6377
3623
6698
1799
3831
5137
4042
4891
1891
6556
9481
2723
7912
0905
6460
2213
7515
5059
5404
1141
3795
3915
9284
7214
2244
5294
2982
2423
9965
5940
4273
6347
5572
8087
5849
2198
4296
3745
1651
4975
7960
6797
6047
2811
8485
6495
8847
2761
2353
8958
5459
5258
1018
0827
0310
8778
5722
5510
7393
0175
4830
2945
5105
9110
7352
9417
0904
1051
9192
0770
1786
4133
4650
6563
1374
0502
1608
9225
5555
8218
3125
0903
7632
8247
0024
8102
0115
0310
9349
4357
8057
8400
2023
7938
5424
0029
6782
7614
8866
6877
2159
6482
2797
9049
7212
0157
2485
7320
6809
1041
7763
5054
3294
6469
4167
0711
1921
6886
9619
2133
6595
0282
6799
1317
6672
1316
6743
8165
5863
3927
2112
7268
8609
7441
0191
5969
3613
8927
4638
5986
2411
9250
7532
5589
2680
0089
8839
8044
6901
3080
1580
7053
5071
6318
1036
8576
0441
1842
3732
8864
4461
0726
9821
1370
0228
4282
5517
9546
1744
6133
5756
5110
3751
2253
1186
8508
9068
8509
6096
8516
9515
6661
7480
2297
1307
4636
2128
4780
0057
0162
3358
6509
7012
6753
2750
7366
7556
6408
2341
2096
0321
0315
7987
7925
2587
6288
0385
4273
2099
7467
1887
3331
5680
2353
0396
8658
7374
9080
1727
4764
0733
3377
0991
2917
9885
1331
7788
2124
2980
8097
8325
1681
5630
1676
2509
5567
4223
1958
1583
7556
4258
2425
0327
5901
6292
1964
2202
3645
8588
9666
2762
2445
1442
4438
8503
3773
1047
2832
9156
4893
7978
4478
2378
7053
6713
7860
2219
0708
9327
4144
1460
4320
1065
0830
3414
1122
5206
8500
6640
5566
3874
8215
3812
2068
5757
5832
2323
2523
1302
8917
3567
2470
3143
5839
3030
0464
8153
8757
2587
8260
4750
0011
7387
2937
4590
1614
2701
3177
2639
4486
1954
4056
7437
7960
8964
0984
1181
0023
2795
8485
4864
7399
0028
2290
4508
5783
4619
6257
7633
1480
9130
9219
7759
1938
6664
5012
0888
5637
7354
2828
9620
6280
3710
8140
4397
1226
8408
4092
6968
3036
0769
8972
5808
4454
6213
7102
3619
2771
0012
1538
5615
5111
3938
1547
9462
5030
6999
2599
5883
2044
1897
2290
8240
2774
0915
5073
0313
2313
1380
6852
4062
2304
0216
4598
5411
8154
9869
7527
4386
3681
2171
8369
2787
6131
6972
5090
1313
4078
9931
0227
1255
7823
2081
4281
9627
6261
2012
8400
6123
5526
4335
4443
4882
5369
3754
8540
8892
6965
9692
7372
0074
0358
1357
0745
2516
4083
3664
8633
0395
0163
7876
9594
6753
2401
3801
0829
3471
8922
7801
7142
1965
5277
1792
8258
7673
4189
0567
0830
8589
4666
6400
8450
3096
7380
2464
8919
0351
2812
1222
4333
3400
4650
5989
6809
7012
0873
4681
2117
4533
9745
8525
3231
5986
9352
5689
2796
2804
0787
5123
7606
3580
7788
6224
7235
2880
2073
0849
1111
2283
3987
9061
2703
1304
2587
3942
1229
2330
3159
9233
2048
5388
3518
7524
4545
1464
8474
1664
2609
9102
0118
0072
6324
6559
0616
0760
4563
5378
2176
1504
8234
3235
5705
7637
8910
7318
0079
9398
8726
2630
0712
2391
0875
3592
0927
8410
2717
7791
5996
8611
4295
8167
6377
2605
4141
3849
8280
4767
9055
9560
1457
9203
6728
8288
6138
2353
4442
6537
4066
0128
5304
2155
7994
2520
1359
3074
1446
1965
5749
4312
1576
5021
3847
5686
6112
2386
4322
2680
1990
6064
3634
8529
0800
3020
5387
3598
4026
1647
8428
6667
7357
7462
6666
8309
4445
1916
8002
4768
0161
2625
7517
1882
4422
5515
8991
2642
2517
0174
2947
0897
8060
0308
9802
3585
7088
9382
8083
9099
9772
2608
7008
3465
6271
4431
0769
8891
8869
3728
9881
0914
0743
3087
6513
9328
3841
5947
3825
7899
5768
2241
3974
8100
5106
1893
3244
0230
6752
8194
3808
3547
6930
3369
0605
4982
2418
6924
0221
7971
2590
5106
7890
8558
5450
1430
8788
7500
2178
4740
1272
1145
3929
4620
3636
0037
1502
8723
7594
0815
2458
3265
9118
1715
4926
1149
1132
1937
4943
0502
4332
7274
3742
5433
2244
7952
8014
3284
0705
1375
1523
1004
5609
2417
2126
2847
4384
4172
4244
1937
6368
3266
3290
2362
4138
6340
5778
1790
2852
1818
3378
0422
0489
7486
1414
9507
3282
7933
6075
6174
8911
4040
1542
1189
4072
9016
1493
3569
4944
2668
8001
6095
8221
5795
0622
2395
6565
5474
7199
3132
8574
7154
3290
5209
1676
4620
1388
5105
9301
2504
3529
7427
0711
5591
0673
1134
8776
6572
2232
9517
6325
2281
9471
2467
0248
1583
1404
1320
2712
8062
3815
1979
8569
6289
7190
2382
5313
5218
1973
7770
9711
0080
7812
0300
8159
0479
5052
0131
1298
3225
1652
6509
1518
1955
6230
0091
4567
6252
1888
7058
8797
2027
8098
5471
8419
5746
7132
7909
9225
3265
5056
4759
6244
2968
2386
2962
8812
9955
2097
8796
2097
4576
3168
1228
8314
1140
0622
9687
5216
1592
1467
1099
7111
7904
0548
7128
8230
0166
3750
6959
9460
4974
1505
0695
7411
6336
9595
0063
5459
3785
9803
7288
1956
0815
2184
4245
7964
0887
1169
2063
2997
2199
6150
3210
3571
7585
7959
9643
2014
1366
2171
7475
5162
0162
1520
1459
7112
5602
4688
5656
7738
6312
9429
1888
5462
3916
0025
6749
2896
9589
0427
7946
1996
3301
1544
0395
0486
1670
0622
2899
2002
7540
9180
2689
7550
7738
1126
5004
9815
5025
8541
3505
7116
3514
0223
9746
8626
7303
8545
4774
5458
2722
2313
0199
3376
6877
2255
1919
1331
0683
9443
9631
5967
7397
7167
2396
5129
6350
0918
6337
6722
0229
6567
0022
5778
2093
3215
7696
7286
3559
6954
9475
9725
8552
2281
9147
4914
8019
3100
4286
9299
8593
4949
1860
2983
0885
2017
3861
6424
4299
6064
3927
1459
7335
4888
6008
4417
1410
7302
6845
5931
1032
1943
2470
0731
0501
1235
5533
6040
9376
1892
5165
3125
6091
3506
2861
3495
1286
9005
8758
8111
1218
6154
0788
0798
2705
2181
4146
1056
7957
0188
7328
4570
7148
5253
4027
1092
0519
4873
6590
3618
6947
4548
2210
2266
0648
2807
4937
5144
4436
7645
1341
7510
5291
2119
8410
5121
3571
3538
2170
3587
1966
1935
5004
4865
8765
6698
7552
5879
4567
1864
3279
7954
6512
2773
3649
1278
7319
7221
2839
2647
5027
0924
0023
1745
9211
1269
6042
0322
1607
9834
7966
6735
2337
2849
8730
6482
1357
3214
0064
2548
1146
4824
2828
1051
7004
0128
1827
7874
0246
3223
2049
4293
9233
0263
4564
7123
5215
1047
4133
5056
2251
5658
2350
1612
9627
2489
1010
1297
1947
0741
0566
5211
6743
8889
4884
0726
3629
0903
6540
9818
1490
7201
3495
1030
3849
9955
3741
2860
8765
0817
4239
4088
6826
6785
1881
0573
9500
6006
4679
5589
2572
9306
5210
0217
6346
5797
9959
0113
7939
0022
9671
2895
1170
0573
1752
3218
5387
9947
2093
1221
4979
4376
0794
6292
5521
8468
8179
3287
8967
6167
3833
2200
3207
1878
5518
4781
2160
0233
7098
7728
2072
5977
3296
9323
5456
8360
0327
6062
4625
0032
3801
5743
8284
0495
1269
5650
1609
7287
2758
6529
9790
3623
6326
6443
9162
8585
3560
1789
1306
4909
7400
0304
4311
2966
8577
8085
3341
5459
7740
8117
5773
1269
7387
0438
1863
2512
8258
8597
1711
6789
7118
5350
6220
6226
5182
6450
5199
5499
7512
4436
6106
4830
1779
7459
1164
1226
4473
0001
8015
3266
4014
0188
1765
8678
1017
5416
1976
0108
5246
3172
5838
1915
4422
9019
4199
9862
9058
3860
1904
9726
8766
1453
4338
9563
9212
0367
0253
8520
7137
2910
7761
3524
0678
1241
0824
7950
0039
5794
6023
4896
6349
0607
0666
0415
5771
4316
8753
6977
6655
2604
0600
3179
6258
2223
3466
0901
3129
1957
2929
0932
0086
7219
0200
5410
7121
6815
5820
8308
9305
6966
4105
7114
0593
3912
0603
0404
2638
3829
2882
5507
9712
7071
7923
0953
2384
4541
7437
8494
1442
6603
1747
5602
4923
1806
4112
8557
3737
1609
5118
2232
9114
7492
6260
9125
4916
0269
0719
7014
2318
5587
9260
1389
7142
4558
6683
1601
3580
3408
9740
4213
8108
2323
5402
2404
5580
7540
1692
0060
8012
0231
2368
0592
4251
9759
1211
1515
1283
1204
2264
3788
4959
3294
5084
6244
6637
1842
3079
5570
0829
6164
9267
6292
7225
1492
2396
5968
8475
7162
4915
4812
2609
1086
7870
1919
0515
8890
9871
4870
4631
1331
0972
0983
1148
5388
5151
1970
2674
1745
2436
4446
7896
9866
7653
6661
3837
0324
5557
1990
3791
3576
5227
1146
0998
5592
6094
6918
6573
5445
0754
4778
1960
9790
7209
2595
2095
5584
7283
8810
0023
3887
8903
0057
7100
1059
6376
3197
3877
6046
6277
4181
3206
0580
4211
7444
6106
0912
3546
0870
1715
2150
1470
2562
0081
4694
2031
8054
7670
1123
4555
8426
8899
6040
2621
6852
5279
4545
2280
0551
1686
0620
8749
7203
3826
7098
2820
0309
1310
2880
1761
2811
3759
6119
5573
0094
5404
2404
5466
1166
5026
1958
2844
3741
4106
6767
9221
5070
2348
5678
0895
3088
0325
1764
9017
5167
3063
1249
2535
6954
1471
3085
0923
6848
0062
8778
6941
5409
1652
3083
5079
0324
0723
2474
4617
5782
5424
3343
7402
9436
5350
4221
3345
5829
1966
0807
2407
4879
7840
1901
0322
0349
6600
1687
9090
6234
0764
8769
8105
4644
7979
5573
1323
0568
0300
2882
8954
2592
5661
6356
0868
3524
0949
4800
1234
1271
7934
5747
1030
8881
0040
7878
1566
6210
0904
4546
8002
0826
2776
8371
0765
1826
7582
5772
1702
6168
7216
7893
2544
0796
1848
1907
3049
3470
2664
0517
7437
4912
9854
1754
6843
9774
9361
4194
2685
1063
6112
1191
5626
9493
2594
8925
3884
1397
7506
6132
6338
0587
9697
1576
7083
7656
3369
0001
8759
5792
9399
6944
4464
3771
2667
9000
4772
4259
6467
6772
4647
2614
0991
4863
9899
8846
2101
0220
5556
2541
6343
7937
4913
3714
9223
7915
3107
0772
6639
1692
2251
7498
9517
3025
2308
5433
7503
7968
6476
3433
8747
1952
0680
3186
4793
5248
3004
6171
5141
8687
1002
2522
1985
7997
2381
4681
6794
5578
3709
3525
2879
0356
8574
3399
0202
1861
1560
6660
4201
5761
7104
4221
7666
1514
5474
8035
6427
0450
2621
1466
0051
3262
9614
0293
6295
0173
6865
9496
9814
5933
1376
9228
4111
8801
4232
7357
6317
1113
7127
1995
8084
5216
4210
9616
1394
2574
3102
7823
4248
1056
2936
5545
2895
7485
8653
2442
6058
3006
2929
4666
3958
2064
5501
3701
8934
0547
0684
1096
2269
6932
6985
0865
2652
2357
8828
5102
9494
2645
1438
1327
7828
8475
1577
9151
3404
4049
7663
0093
5633
8273
4377
9006
4113
2711
5508
7339
5454
4003
3139
9623
3380
9887
7225
0947
2928
2697
6016
5778
2383
2768
6152
4142
2311
7666
2626
5877
7595
1813
1957
7515
7895
3578
0216
2466
8663
4532
4876
3801
7588
6733
3958
5655
5425
8686
9816
3841
0985
2558
6759
9898
5990
2767
7982
6930
8238
1865
2619
2527
5096
9004
3721
3196
4499
6692
2340
0037
5156
5251
8913
2918
9281
1128
2448
2661
9345
6431
3714
9119
6245
3323
2876
1956
0413
7745
8080
6108
6354
7189
8095
9729
4851
8372
1996
7245
6758
0153
1315
1670
0426
9514
5153
4856
9665
3353
1997
0500
1418
8559
2424
5421
1987
6292
7044
9777
0576
0554
3227
9533
7880
2015
4920
4019
2631
0262
7647
6556
8188
0331
6024
8856
2369
6827
8997
2030
6767
6109
5458
7595
2167
3253
5928
1345
1221
1358
9425
0948
0072
8021
4525
5699
1592
2785
3052
0231
5331
0377
0873
3001
5560
5887
5278
2365
5764
1281
0286
6370
3318
2594
0000
5610
1862
4352
6882
5238
4338
5650
5711
7282
2238
3621
0243
9752
8351
1215
9015
2177
5700
2572
0156
2806
0491
0112
7896
3641
5057
6662
6010
1570
4073
7884
3665
9195
4621
5681
5612
7446
8503
0468
6768
5421
2268
2841
0144
3824
2360
9498
6630
1007
7109
5342
4854
0109
4856
2355
6884
1305
2071
9541
3544
4529
8887
4005
3181
6684
7057
5649
4416
1275
8256
2791
5014
7744
7493
6456
5169
9179
1434
5413
0818
7779
4922
7352
9842
4632
3214
7113
6876
2371
0510
1736
2360
3192
2601
1750
3627
3497
9926
2715
6854
6485
4085
9530
9974
9893
1832
0527
9463
3215
2039
2494
1175
1553
0192
1160
7755
5262
7764
4861
8223
4185
3216
1047
3555
1579
5026
4045
1325
2992
1697
3780
3230
6721
6989
3665
7709
2203
1357
4531
1029
5530
7576
8721
1372
8980
0662
4829
7568
5475
1205
0271
3204
2158
0335
7620
0054
1134
1854
5032
4746
3310
8198
0851
0630
2094
5082
6449
1566
2528
0779
2529
2251
0707
2263
4383
3062
3064
0857
1741
4577
7782
5155
1349
4853
7111
8383
2363
4671
8027
6961
9883
8362
3825
3007
2401
5877
4578
4922
3055
7365
4569
5096
2719
2476
9545
7322
5171
6460
8870
1538
4957
5699
3322
0315
5720
2049
5415
8361
6656
6710
9700
9736
6588
9454
0489
1010
2644
5290
8036
2137
0778
3341
6265
3212
3269
1218
7701
2290
1614
0978
4744
3388
3588
7989
5257
8341
6213
9248
9042
6081
0271
1556
4694
5039
8584
8885
0474
5667
1025
8373
7198
3438
1598
4113
4925
1074
3696
8813
2281
9688
8775
1490
8669
5759
5832
2796
6428
1010
0619
0438
2604
4214
4876
9951
9578
8524
4932
0722
3857
8279
4274
3013
6319
7231
2111
2168
9434
6569
4789
6958
1205
2216
8695
8005
3941
2749
7253
3391
4131
1916
8119
7541
9524
7038
0332
1121
8970
6329
1656
2552
1210
1927
6488
8925
2536
7995
1220
0928
2180
8910
7843
5971
0627
8143
5270
3840
2057
9739
4331
1807
9753
6101
8730
9667
9162
3569
9494
7625
7262
6991
7018
6786
7173
4553
5783
3634
4404
4011
0100
1238
2458
2567
2715
6874
1265
1388
7430
4813
2034
3132
7577
9239
7410
7507
1219
7288
1351
5511
0306
9680
9007
1399
8240
4150
0343
3598
1702
1186
5256
9899
2558
2966
7794
8570
4760
8535
8417
8311
9354
0498
3368
3237
8402
1807
2071
7892
1070
0482
8371
7229
1865
8895
3269
1312
4802
1215
7495
0019
4879
7804
7944
3965
9736
0317
0119
9575
2269
1187
3025
3428
4510
0212
2356
5829
4213
5290
2864
1545
9580
9883
8182
7844
7907
3969
0804
6350
0414
2243
9029
6966
7240
3000
4074
2689
7916
8953
8686
8746
2014
8436
7153
4245
2219
3977
6320
8983
0649
7067
1977
3493
0687
2510
0712
2085
4389
9789
7211
2045
3177
2005
4068
1282
1785
2590
7873
2870
2324
7722
7898
0985
7860
6477
0513
8487
1699
5933
8476
2228
0710
0601
3569
7655
0483
1201
6270
3593
8301
8640
1947
1509
3620
6482
2794
6031
6924
1668
7706
3325
2530
3719
9531
1907
7453
4547
5765
9426
0271
2361
6966
7262
6855
9175
1860
9378
5084
0308
2002
3520
4989
3883
4457
3524
8406
7392
2367
3108
9332
2156
0504
8260
9058
1844
9547
8897
2708
7260
6292
9515
0703
3215
8265
5488
2392
0648
1661
8806
4894
7853
0349
1470
7084
1001
2659
2907
2222
6151
2979
5397
0100
1376
6276
8779
3787
0435
5236
4764
1703
1620
1118
7332
1031
1728
1678
4269
7129
5450
9432
7913
8527
6410
4612
4342
4423
9402
1924
1485
4502
0666
1281
0292
8162
2743
7004
8652
5957
8954
8988
0407
0831
9094
7208
0826
5386
2820
2173
2424
3225
4578
7697
2779
3153
9601
4600
2115
1105
0822
1467
8831
1980
9875
5644
1719
2441
1911
4203
8893
8183
9600
0343
9286
7050
0255
7658
4711
4636
9683
4469
8803
8174
7638
7755
3082
1983
7826
8169
5786
3749
2398
4349
5436
9027
5127
6185
4063
2178
1057
9088
9104
5859
5098
9394
9824
4159
3152
0633
6619
1980
9249
7848
2729
2908
9337
6861
2335
5168
3805
3238
6818
4925
3488
6357
7878
3878
3915
4455
5323
9300
6873
3554
0736
3980
2515
3241
2754
0604
1459
1627
9254
3357
5885
8680
6910
0803
5981
7121
3981
3885
0311
3733
2304
2692
1923
2352
7876
7767
3763
2981
5874
9584
0984
8989
8629
3116
3591
8337
6454
8703
4178
4118
9519
2265
7815
5643
1743
0118
2637
4667
5987
0502
0429
3854
8301
5517
5771
3543
1312
7795
7602
7929
5329
2309
7437
1985
3805
0542
7639
1610
3995
3112
9176
4260
4240
8175
6427
2534
9435
5250
4838
4499
0699
4612
0986
4847
5619
1480
4120
6713
8566
2015
1608
5820
9496
5897
0519
7164
4330
3322
3146
3580
5699
6961
2340
9001
6329
4231
7081
8096
0717
4673
2489
6599
4071
4896
0904
3710
0721
7449
6193
6490
3919
5651
0371
8280
6417
8602
4953
0409
1985
7306
5824
0444
7755
7520
5126
1186
8500
3979
4966
6476
8769
0367
8224
7647
1942
0219
5268
1543
0129
3130
0424
4477
0749
3276
1444
8012
8459
2729
3471
5301
4530
3950
7449
1218
9266
1593
4004
9429
7325
9648
7177
3320
8511
6644
8553
1209
4891
9521
1550
2763
8759
4964
4354
8893
0184
1929
2135
2771
1016
0972
5237
7784
6886
6468
5477
0613
5960
4404
3092
5366
3770
5214
8733
9862
4569
6632
4715
0579
0602
7822
9550
0266
8031
4525
6748
2277
4575
6012
8521
2844
2430
1274
5683
6016
2794
8682
4356
2064
6817
2460
6162
0197
7021
9909
0391
3339
8888
3661
9965
1126
0121
6405
0625
9715
8046
6622
5576
3006
6393
5020
2250
1677
8629
4417
1433
0379
4875
5200
3060
1948
8397
8308
1487
3434
0727
0833
2399
8750
1386
8521
2270
5775
0414
0681
1367
0876
7794
8399
4562
1090
4383
8080
8469
0173
4038
3893
3150
3147
3291
2131
3150
2611
2956
8611
5513
5818
1622
5678
8461
9049
8564
3216
4705
4432
3855
8321
8242
5760
2449
1889
0668
1101
4797
2301
8431
0685
4208
6791
5112
0224
1947
7279
6036
2820
9935
4520
8996
2098
9392
6002
6677
2262
6576
6382
4310
9077
7944
4790
1290
7896
9609
5200
4291
3173
8940
2333
8063
8113
1761
8873
0501
3225
2167
3623
1805
7766
2654
2126
7618
2352
2688
1690
1105
6505
8884
3717
4790
0524
3947
3345
7078
3418
4102
2029
0566
8975
8857
8612
0504
9173
6925
5055
8875
4003
1266
8387
5089
2333
1448
1125
9198
5545
6363
7057
0105
0892
9130
3845
2121
2211
1717
9070
7137
8906
1147
2636
7619
5174
7405
4645
1820
7634
0208
2454
9796
8653
2051
1106
5875
4516
2005
3286
1249
1900
4534
1016
6831
4332
1258
4232
0955
0025
9919
3382
7241
5236
1174
1203
9082
7758
1351
3333
1320
1379
2007
1534
6020
0083
1332
4865
1893
2487
8069
7323
5669
1880
6204
0800
1966
9929
3828
3746
4573
1752
8442
1505
1196
3200
1603
3940
3621
6089
0358
2507
4056
3743
0914
1452
1510
9984
3268
1100
4277
3127
3355
5754
7496
3775
8181
9675
5970
7430
7414
3001
1905
8179
5611
3636
2652
8524
5141
7895
0316
1578
4820
7783
4010
1877
3251
9132
4349
2764
5677
7202
3605
0259
0078
2431
0219
1363
2234
4876
6313
9760
0274
2455
0232
4584
4765
6822
4527
2838
2324
2375
6189
6101
1717
8217
2707
1110
4612
4004
2231
9017
1339
7627
0533
8385
9640
4585
5190
6608
3436
2849
2782
6604
1558
2391
2221
2621
4196
1716
3228
6118
1087
1280
0508
9720
3648
1106
1284
5798
1059
6011
8549
8218
7064
4505
4808
9797
9116
0502
0915
1241
1004
6539
0950
8699
4299
6171
9290
1632
0119
7950
3914
2173
0922
7644
0554
5042
3849
6608
8506
9139
7731
7217
0818
3031
5914
7543
3384
2821
6767
6460
6588
1643
5983
6822
3860
5070
3487
3452
9004
6242
5291
0382
8446
8980
7716
3892
5125
3795
5431
1778
1703
1068
4853
4657
4418
2523
5489
4959
7073
1793
2484
0154
6134
1691
9399
5574
7502
8684
5575
3674
1564
0901
2536
1739
5571
7749
0122
0564
5497
1469
6678
1615
2060
1634
9150
2924
7197
4743
4214
2825
2684
8080
2535
0560
8312
7117
3629
4096
1663
2791
4670
2366
7123
6565
9623
2974
2054
0915
0387
4122
4347
1264
7622
3563
2662
2338
8535
0208
8865
1730
2848
3289
0125
1518
3904
7534
1612
7198
3912
0419
3447
4611
6277
7538
4610
0229
0445
1786
1554
6907
0869
9050
1899
8117
8870
7678
4940
1802
0945
9595
1232
5558
3549
5276
9639
1232
3328
3995
6516
6472
0698
3903
6325
8471
5529
3685
8946
7769
9023
6861
1461
5782
0354
4890
0181
6979
0614
1343
4516
5475
5287
6020
0631
2126
7552
7052
0240
5856
1977
2686
0357
5778
0876
4111
0108
2152
7138
2822
2163
1495
6002
1962
3424
0078
2488
3326
2906
1717
2695
6314
7579
1622
8955
6683
4888
2805
1011
9973
1026
8649
6584
1738
8991
3240
6017
3319
7584
0778
0824
1623
2637
2173
0100
8518
1293
3739
4995
2054
2111
3660
9264
7722
1899
8223
3868
8088
7306
2007
1758
2547
3346
1608
8201
2089
2262
8774
6844
5676
1353
2851
6238
1976
1055
1011
1193
6814
6236
1623
5115
2385
0979
2844
0636
4518
1179
2888
3353
4681
6842
5488
7836
2048
9823
2311
1547
4446
3310
9172
4971
7488
7182
0263
6479
8443
2429
3734
5151
2155
3879
7263
2563
1338
6829
7709
0059
7677
2917
6564
0650
7377
5249
1599
4804
3206
7921
7527
0657
5629
5211
8999
4594
1896
5532
5783
6228
6221
4461
0491
0229
4767
4096
4371
0808
6947
1037
6119
2204
2916
8721
1263
3895
1089
0851
7563
3158
0042
7044
7268
1625
0865
0750
7685
0748
4700
2565
0403
9512
3211
3547
8428
4712
4991
3939
4066
2974
6792
7227
2751
8371
2322
4032
6155
8414
1192
1153
9413
8981
9170
4710
0528
0254
0025
7569
5676
5445
6944
1117
8722
6365
5846
7697
1757
0364
1409
8419
2412
5687
0035
1428
9233
1149
8520
0805
3381
4185
1598
3893
9567
4510
7605
8981
1455
4517
0275
0283
1392
8816
9315
2262
7385
3336
1913
9720
5153
0618
7116
4342
0317
0261
5553
5858
1982
3909
1359
1467
7584
5685
0999
8163
4551
8373
0611
4586
5449
6898
8748
1112
3451
8430
6083
3662
5140
2272
0228
3210
8923
3206
7856
9355
9481
2527
9062
5570
6206
8947
0570
0967
4503
5138
1934
8494
6749
8814
2214
4749
5564
2430
5023
6033
1324
8077
6750
1989
8809
3662
0165
3235
5692
8242
1119
1645
2502
8764
0555
3247
5246
3465
9601
0411
5334
2282
4734
8556
0910
2595
6899
0510
7580
9521
4530
8861
1306
2411
8710
9968
7611
6865
3760
3075
6533
0228
9547
3703
3751
6249
4949
6666
1019
6026
6630
9877
5685
7366
1185
3793
1300
0188
7881
5160
2785
5973
2318
7033
1621
3813
5294
6989
0574
1594
7832
0606
2187
3169
3381
7128
9153
4425
2637
5031
8172
4994
1550
6764
9638
9621
3555
7537
6115
4053
1322
6644
0130
2318
4732
4424
7757
9780
5279
9718
0720
5443
8980
9284
0793
3001
0125
3394
1803
4456
5360
5440
7426
6011
3471
6436
5071
2248
0643
9873
9549
9209
3895
9370
3124
5927
8229
2463
6316
8916
5507
1665
3392
0821
3107
5353
6787
5263
8036
7226
7948
8247
5255
2809
6234
0612
3859
7240
5307
7557
6864
7145
7015
1722
4552
5574
0613
6185
7696
1858
9890
6716
5478
1323
0997
6336
3681
6417
4562
2612
3490
8003
1624
2840
8374
6844
4796
2064
1607
6939
2984
7014
5152
3060
0548
3587
1522
4756
3564
7543
7603
8242
8320
5782
4578
4538
3434
9510
1165
6323
5142
0787
2485
6624
1302
4975
2863
4860
1842
2855
0205
1333
7018
8887
0563
3714
4865
2702
1081
2749
3755
1999
9838
7911
3102
4512
6453
1109
5739
6967
9944
8509
2728
8949
7045
4986
7756
1974
2224
7182
4131
1128
6266
0686
4554
0048
4097
4040
9400
6096
4650
5426
0920
7434
7331
9069
5423
3128
5708
1336
1159
1823
4001
4826
4219
3350
4040
8112
7386
3871
4257
5796
3768
9261
9727
0566
1077
3836
3227
4241
5775
2826
7301
8020
6295
9219
3070
8122
8888
8987
3146
5574
6112
9744
2008
3324
8256
9826
1905
8758
5314
3302
6941
6025
7657
7824
0933
8288
5263
8001
2123
3493
4022
7300
6350
7313
5009
3170
3357
2057
1208
1206
9348
3255
9505
4366
9075
7592
7429
6866
1876
7371
4744
6628
7052
7169
7648
1932
4992
2014
1028
7497
4236
3488
9422
0905
8775
9091
3981
4970
1081
3543
1432
1512
8489
4835
2462
9172
1385
5052
0416
3671
5488
0277
1877
3178
1418
3217
2615
6007
1482
7632
4078
4489
6900
1429
2405
2377
8625
5000
0678
0000
1272
3498
1467
1359
2013
3459
0517
3930
6349
9834
4355
1986
2686
0163
0159
9540
6564
4052
0320
2989
4466
3295
2243
3715
6878
4034
5674
0786
7942
1996
2104
8022
5615
4154
5812
2774
5691
6461
1331
8755
4560
3699
4585
2183
3642
5545
1410
1016
1666
6673
4284
3012
3293
2223
0479
4061
7378
1172
7199
1103
6822
6577
5413
6447
1778
1902
8237
0919
7197
4878
4811
0706
3673
2709
2640
1562
1981
0813
9751
1555
5237
9099
2273
3330
2002
1876
9885
1626
9009
1221
1879
1009
2212
4902
4282
9418
3535
8397
4524
0775
2831
3129
0093
6829
7787
6527
2971
2336
2327
3780
5365
2823
4596
9566
9867
9733
2758
2884
6546
2098
4315
1169
0411
6214
8064
4174
7010
4961
4674
9458
4654
8564
2699
1554
6296
2378
6682
7699
9759
0226
2800
7421
1927
8976
8909
2695
1198
1096
0297
2380
4417
4204
2762
0209
1077
3077
9544
3835
2348
3533
9969
5488
1980
4168
9009
8054
6565
6236
0404
4818
2643
3840
9117
5469
8402
1162
2437
3663
4522
2864
2486
8319
2574
4556
8461
3164
0515
1954
5733
1733
2210
8584
7445
8356
2967
0371
0982
5300
6155
0210
9689
9467
6713
8558
4422
2536
1972
8831
9750
7352
5612
1972
6694
4730
9058
5577
8991
1985
8786
3860
7896
4420
1239
3602
5030
2394
4320
9977
8192
2097
8029
0030
3270
8864
9071
3287
9779
8873
1056
9887
0747
3010
2506
8196
2612
4003
8889
7493
2628
4893
0817
7551
6260
9324
5517
5804
1288
9067
6363
1721
2490
3513
6150
9012
9681
1087
5811
5878
8379
7407
4647
3465
6926
6591
4015
0900
5575
1757
0387
0864
1780
5644
1059
0657
2950
5412
2719
9343
4686
9021
3149
2508
0154
6819
6945
4954
4007
5974
6590
6203
6443
7632
7943
2143
7222
8523
4115
8626
1325
6416
3769
8024
8985
0531
4833
7319
0052
7517
7971
1322
1014
2840
2757
2950
9640
8461
9360
8020
1636
1018
9999
0111
7897
1580
1019
1745
0413
0111
3925
7965
9820
2832
1364
0969
2214
8769
1691
3937
0430
8858
7842
1019
4590
2821
9959
2543
6209
6645
5205
6687
8180
8497
3442
4853
3343
8108
5832
5005
4348
1666
1553
1774
8521
1326
2289
8001
7486
7965
0981
4952
1420
3822
1730
2882
6782
6680
3404
7641
4060
1309
7174
4456
1172
3820
1535
9959
3274
0778
0761
5361
9018
0990
2067
1265
1081
8110
3628
2313
1521
5260
0722
1061
7075
7827
4465
4200
0774
1318
0091
2572
5827
5867
1584
0565
7515
5192
8383
8656
9968
2003
5753
2966
5251
2269
8421
9786
6412
5904
5301
2424
4550
4459
3571
4680
2549
4884
4404
1414
3309
1629
5565
0332
2341
0701
6577
3004
5621
4571
9845
7285
1609
5725
6791
5682
9812
2306
0061
3689
4945
7001
4121
8168
5173
4711
9464
3398
0559
3165
4056
3281
0703
2336
9687
4612
5705
4720
2266
0588
0349
6165
8104
3501
6276
2366
2927
0697
2474
8701
3616
3087
3615
1918
2641
7156
1198
2731
3862
8247
5177
0545
6967
6464
6388
3887
1930
7293
8322
7774
4196
9630
1745
1234
0429
0729
2852
0873
4910
8706
7630
2247
0065
3422
3773
3189
4982
5153
8464
1877
6017
8669
4233
9163
2617
6722
9856
2836
0501
9614
5013
9301
5574
8691
9612
9612
3607
2068
1142
4296
0389
1715
6753
0087
2007
6897
0593
4584
8443
3530
4955
0918
2681
2518
6461
3710
0328
0212
4389
4512
1439
1717
9985
3719
0927
6542
5253
1407
7137
1341
6475
8918
3194
4268
8054
8710
1443
3390
4116
2268
9389
6494
2222
2288
1307
4846
7333
6900
7251
5709
5655
1632
4167
9706
0099
1588
1288
4073
0445
9766
1948
0426
0642
3724
6773
9069
8677
0270
0098
0089
0257
1226
1369
4689
1354
0000
9717
2427
2969
1313
1578
3141
0613
2343
5417
6679
0149
7368
3286
5458
9696
5858
4569
4515
1515
5501
0730
8404
6363
3256
0513
4376
5220
8502
0187
6731
4462
7172
0285
8925
9490
4456
5031
4177
6468
5772
3419
2140
6969
1612
6464
2041
2992
4604
0571
1223
4245
2778
3355
7861
5144
6537
4972
2200
7727
6706
3393
0822
5694
2581
9618
3814
6184
8184
9421
7860
2927
2209
3201
5859
9632
9586
4421
2000
9009
1123
8293
6308
2985
3458
7638
9190
7809
0008
0882
2462
7714
5866
0612
3952
5789
1986
4895
8348
9274
3565
6426
7863
1440
1800
5546
9226
2583
6894
9277
8229
5808
6539
6576
7961
6932
1954
0428
5284
6066
9456
7045
7603
9897
0716
6233
8485
3634
1967
2660
7013
4282
9811
5067
8366
6367
3705
0695
5450
1207
2750
4806
6130
5874
5423
1477
6874
2430
1829
5438
4034
3047
0356
0225
7913
8117
1615
1266
8629
1750
2415
5325
8555
3443
6913
1760
1134
1386
4381
7096
2679
5730
5380
9773
6291
6854
0306
1579
5187
0251
2893
1006
5033
4477
5979
0813
7272
4510
8411
6016
1337
7526
2292
2515
1666
1915
7361
6235
2357
3920
2388
1356
5608
3511
9687
0519
8007
1591
1133
5337
9747
5812
5150
4988
8260
6681
5995
9926
0308
9254
1473
0982
0740
0395
7402
5373
4654
3838
9247
1542
5145
2938
7574
2713
8005
0267
4891
7396
5224
4935
7721
8803
4972
0656
4805
7734
7532
3705
5163
0663
3981
0579
8080
0772
5948
2759
4446
7336
1870
1112
0072
4999
0503
2905
8585
8859
9479
8101
3550
3716
9699
5430
7893
9109
3853
2001
5674
7913
6645
6528
3996
7075
2063
1292
0003
1035
8940
5216
1972
9097
0734
6421
5848
6834
2402
0990
2321
1756
3003
4446
5021
2502
0720
0166
5028
5572
5635
0584
2632
6388
7615
2570
4542
4210
4991
1568
3937
4580
7710
0130
1100
9807
9871
7769
7301
4061
7162
9074
1333
2781
1647
2503
9924
4671
6273
3505
0361
2796
9052
8049
1509
3766
8892
2592
2377
9007
2991
1353
3320
6612
5788
3480
2387
5151
7612
0933
0808
4143
5101
1380
2853
8166
5838
4649
6636
1279
7712
0986
4776
9639
1405
0831
1144
1103
1092
0064
7317
1709
6412
0466
9227
6194
8555
8173
2715
6980
9194
8509
3107
8360
0509
0224
0803
1619
9988
2367
1750
9286
1558
8341
0777
1792
2695
8094
0134
8527
1398
4074
7621
7811
5449
7996
9902
9981
8441
8991
1953
4830
7132
5714
8731
9773
2791
5517
6959
2607
3454
9636
4470
8895
2923
1117
1688
9227
1773
1587
5315
9464
2730
2984
6619
1905
1606
5068
4141
0994
4561
1510
3839
2916
9133
6239
3857
1465
3713
1980
1585
4257
7909
1800
1397
2159
1721
9235
1377
3152
3690
3179
8605
4522
7200
8640
2447
1979
9718
5794
1554
7539
3945
9652
4881
4592
0776
0670
1894
2472
7470
5506
7557
0573
0900
5289
5554
3797
0004
8209
4549
3833
6404
2370
8521
7281
7604
6436
3041
0813
1762
6298
9807
6960
7817
6000
8151
7804
9553
8715
0656
2772
5559
0974
1770
1817
7476
2904
8209
3195
8788
8036
1985
1598
8902
8742
4880
2949
5394
6185
1175
8226
8988
0788
1986
3692
4439
5247
8357
1174
8709
2354
7696
2433
1959
1399
0524
8712
4414
4686
4993
5587
8878
1430
1845
1518
7991
2400
1701
8393
7979
7963
3003
1800
7961
6824
4011
4152
6914
5431
6818
3223
0074
3304
0123
4853
2433
2659
3965
9083
3010
1421
2250
1549
2162
8997
8042
7853
6761
0615
8234
3396
4077
8045
7932
0206
5606
8673
7289
4077
3895
3114
2404
5953
1221
0478
4655
1685
6782
8196
5695
0081
0619
9828
1072
2851
2355
5543
2327
2437
6144
5588
5825
1554
9301
7482
3027
5050
8898
2521
3204
3941
5060
5326
8180
1813
8657
8159
1809
1181
1119
4215
1339
1981
1599
1255
8630
0619
0256
8978
6199
7248
9231
8206
1215
0064
0425
3004
4046
3406
3880
5236
5619
5786
5833
4604
5274
9620
3647
1757
2507
8028
2479
0239
5391
8756
7428
9955
8613
5594
3781
9776
7959
4300
6913
1361
9518
7226
8069
7015
7133
4955
0791
4287
0500
8013
1468
4005
2501
8392
4825
3567
4112
3247
6201
9561
1196
0971
6917
8546
0105
1825
6294
2585
3641
2573
8882
8842
9658
5703
8659
9119
8694
8524
3618
5715
2778
2763
4511
0653
3307
7221
5395
1809
5382
6140
1601
1820
3254
8885
2500
6715
2891
8543
4232
0977
4894
1319
1225
5844
5214
6377
7814
7810
2327
3113
5292
1575
1020
0027
1030
5020
5315
0351
3889
1135
4519
2413
7127
1151
5001
6465
6912
8736
3724
6031
5190
4124
1391
1910
5687
4778
4939
4753
1246
3102
9622
1028
1967
5421
6922
5404
2271
0966
1766
2472
5751
1224
0220
4184
1526
5652
8606
6795
8911
7779
2097
3790
3042
9022
1640
5938
2232
0892
1346
9199
5661
1647
9506
2660
0356
2702
2581
0922
1606
6213
7819
5146
5292
4233
4802
5597
0325
1013
9821
1111
7316
6204
1798
3111
9939
1428
0559
8118
7514
4892
0978
0200
4914
1321
2360
0554
5783
2008
3716
1577
7779
2307
3750
0059
7815
1230
0513
8212
9120
9519
8612
6579
1965
4606
2554
7040
3524
6251
3509
9239
0193
4316
9251
6929
8597
1865
0203
4338
8153
9790
2255
6096
9099
5261
0493
8478
5062
7816
1996
0012
7829
2015
9298
5530
0356
5092
6778
6323
1519
5551
8732
4920
5447
4666
5694
7168
1305
0481
3332
2603
2974
3970
3951
1953
2575
3891
8340
1269
2672
8679
5505
2870
6308
3449
0512
6634
9801
1295
5252
3067
2922
6845
1375
6916
2235
1527
3454
3116
0174
0404
1617
4902
8212
5950
9736
2958
6227
0032
7579
2330
0846
9740
2623
2484
6968
7878
3906
1912
4024
7706
5409
7392
3651
3331
6655
8529
1603
1895
6819
2450
0302
3941
3766
0724
5603
0621
8215
9774
4652
3522
2889
8403
1890
1957
5196
2260
9797
7848
0227
7306
9187
4329
2047
1884
5143
8138
5689
1430
8181
6875
5849
8624
7613
4800
7644
1101
8298
7776
0801
0342
9858
0916
7840
9955
2609
2535
3054
0842
4511
1652
6144
2015
2709
5200
4941
6963
9079
2659
0360
2791
0008
1277
1971
7054
4381
1736
1438
2908
9423
4759
6455
1341
0451
6428
6542
6884
3377
0496
6908
3533
8137
7996
6719
0335
5781
4684
6501
1001
0519
8929
6073
0274
9984
8202
7229
3120
6519
4558
6662
2944
6049
9817
5689
7628
9283
0912
7302
1213
3363
8654
3798
8211
5083
1822
6086
2056
0347
0925
3790
0517
0260
8269
6058
7433
1183
6605
4348
6104
4545
0207
3611
0041
9585
3544
9998
1009
8370
0411
9685
7578
2331
6863
5841
2383
4842
3403
5344
1062
4433
0588
5827
6629
0694
3030
9194
7843
3371
4232
9075
0607
0820
8925
7570
1214
4855
6031
5181
2571
1648
2134
9255
9894
0069
6366
2414
5458
9627
2713
6414
7299
6922
1905
0835
4930
5871
9659
7334
8203
8575
3312
3301
8706
5010
8194
5964
5022
2962
3350
6338
5053
5382
5614
2958
8336
1524
4363
5465
3614
9029